#Res        AtomicFlx
   1.000       7.4971
   2.000       7.1536
   3.000       7.6745
   4.000       6.9266
   5.000       6.9513
   6.000       7.4016
   7.000       6.0919
   8.000       6.1677
   9.000       6.7249
  10.000       5.7041
  11.000       6.4423
  12.000       7.3812
  13.000       6.4777
  14.000       7.8059
  15.000       7.9339
  16.000       7.7170
  17.000       7.2728
  18.000       7.5099
  19.000       6.0975
  20.000       6.1156
  21.000       6.4120
  22.000       5.4451
  23.000       5.6525
  24.000       6.0053
  25.000       6.0427
  26.000       5.8652
  27.000       7.4194
  28.000       7.4164
  29.000       6.8476
  30.000       8.0287
  31.000       9.1172
  32.000       9.1997
  33.000       9.8125
  34.000       9.9739
  35.000       9.9680
  36.000       9.3626
  37.000       7.8007
  38.000       7.9791
  39.000       7.2436
  40.000       7.8023
  41.000       7.5253
  42.000       5.9389
  43.000       7.0848
  44.000       7.0039
  45.000       5.6059
  46.000       5.1946
  47.000       3.7736
  48.000       4.3229
  49.000       3.7357
  50.000       4.2628
  51.000       5.6433
  52.000       4.8159
  53.000       4.7031
  54.000       4.1463
  55.000       5.0663
  56.000       5.0284
  57.000       4.7569
  58.000       3.5634
  59.000       4.2005
  60.000       4.3348
  61.000       3.7278
  62.000       5.0365
  63.000       4.0187
  64.000       5.0950
  65.000       6.0646
  66.000       6.3794
  67.000       5.4606
  68.000       4.9797
  69.000       4.0545
  70.000       3.7599
  71.000       4.0687
  72.000       2.8219
  73.000       3.4099
  74.000       4.2691
  75.000       4.3299
  76.000       5.0470
  77.000       5.4973
  78.000       4.7578
  79.000       4.2167
  80.000       2.8814
  81.000       3.1406
  82.000       2.4647
  83.000       2.6570
  84.000       2.8743
  85.000       3.3435
  86.000       4.6633
  87.000       3.8275
  88.000       4.5028
  89.000       4.4314
  90.000       4.9417
  91.000       3.2175
  92.000       5.3662
  93.000       4.0751
  94.000       5.8301
  95.000       4.3348
  96.000       3.7221
  97.000       3.2239
  98.000       4.1925
  99.000       3.5668
 100.000       5.3751
 101.000       4.6247
 102.000       5.9427
 103.000       5.9695
 104.000       5.3107
 105.000       6.7508
 106.000       7.1269
 107.000       7.8813
 108.000       9.0408
 109.000      10.1826
 110.000       9.0252
 111.000       8.3310
 112.000       7.0690
 113.000       8.2017
 114.000       6.7699
 115.000       5.3638
 116.000       4.6572
 117.000       4.5467
 118.000       3.2314
 119.000       4.0608
 120.000       5.5663
 121.000       6.0967
 122.000       6.3029
 123.000       7.4641
 124.000       8.3518
 125.000       9.5092
 126.000      10.6805
 127.000      11.7468
 128.000      12.8643
 129.000      13.5699
 130.000      12.4358
 131.000      12.7309
 132.000      10.7576
 133.000      11.5366
 134.000      10.5590
 135.000       9.0228
 136.000      10.5158
 137.000      10.7039
 138.000      12.4135
 139.000      13.6789
 140.000      14.5137
 141.000      16.4498
 142.000       8.7742
 143.000       8.3448
 144.000       7.4509
 145.000       6.6387
 146.000       6.5690
 147.000       6.2402
 148.000       5.0859
 149.000       5.4387
 150.000       5.3747
 151.000       6.6519
 152.000       5.9847
 153.000       7.1326
 154.000       7.5343
 155.000       8.0228
 156.000       8.9917
 157.000       9.5314
 158.000       8.4312
 159.000       8.9291
 160.000       8.2629
 161.000       7.7961
 162.000       6.8331
 163.000       6.9520
 164.000       6.0233
 165.000       6.9196
 166.000       6.0512
 167.000       6.2677
 168.000       7.9971
 169.000       8.1514
 170.000       8.0160
 171.000       6.8577
 172.000       6.2008
 173.000       5.1844
 174.000       5.1148
 175.000       5.1548
 176.000       4.2605
 177.000       4.3009
 178.000       4.6634
 179.000       4.7867
 180.000       4.6965
 181.000       5.0927
 182.000       5.2097
 183.000       3.9350
 184.000       3.9975
 185.000       3.5628
 186.000       3.5061
 187.000       3.9579
 188.000       4.2792
 189.000       4.6927
 190.000       4.8564
 191.000       5.5617
 192.000       4.6625
 193.000       5.9277
 194.000       5.0817
 195.000       6.0841
 196.000       6.2721
 197.000       7.8392
 198.000       7.5010
 199.000       9.1039
 200.000       8.6198
 201.000      10.6413
 202.000      11.5002
 203.000      12.8284
 204.000      12.1047
 205.000      11.7799
 206.000      10.8422
 207.000      11.3497
 208.000      10.3360
 209.000       9.2767
 210.000       8.6642
 211.000       7.6423
 212.000       7.8378
 213.000       6.2693
 214.000       5.8203
 215.000       4.5298
 216.000       4.1713
 217.000       3.1034
 218.000       2.8007
 219.000       2.7204
 220.000       2.8653
 221.000       3.7269
 222.000       3.7693
 223.000       3.0786
 224.000       4.1966
 225.000       2.5023
 226.000       2.7228
 227.000       2.4038
 228.000       3.0303
 229.000       3.6146
 230.000       4.6588
 231.000       5.0276
 232.000       6.1569
 233.000       6.9371
 234.000       8.3873
 235.000       9.2010
 236.000       9.8636
 237.000      10.9849
 238.000      10.5958
 239.000      12.4847
 240.000      12.4293
 241.000      12.1840
 242.000      11.1131
 243.000      11.0126
 244.000      12.4655
 245.000      12.6443
 246.000      13.3809
 247.000      13.8257
 248.000      13.4526
 249.000      13.0055
 250.000      10.9867
 251.000      10.7652
 252.000       9.7904
 253.000       9.1236
 254.000       7.5996
 255.000       7.3810
 256.000       6.0874
 257.000       6.1420
 258.000       5.7025
 259.000       5.7113
 260.000       4.5605
 261.000       4.4633
 262.000       3.8173
 263.000       3.7719
 264.000       4.1755
 265.000       3.3296
 266.000       3.0360
 267.000       3.5832
 268.000       3.4803
 269.000       3.7936
 270.000       4.7042
 271.000       4.8822
 272.000       6.0868
 273.000       6.5372
 274.000       7.7802
 275.000       7.6324
 276.000       8.8037
 277.000       9.3776
 278.000       8.4500
 279.000      10.0145
 280.000       9.0971
 281.000      10.5012
 282.000      10.7871
 283.000       9.9121
 284.000       9.1811
 285.000       9.2617
 286.000       7.8910
 287.000       7.1931
 288.000       5.2177
 289.000       5.2810
 290.000       4.8625
 291.000       5.8275
 292.000       5.6997
 293.000       6.5481
